300 ms
1  382.0825
1  388.083
5  2016.8301
5  381.4042
10  3330.9303
10  394.3493
25  6319.573
25  382.405
50  8319.3774
50  396.0815
100  13009.7019
100  403.8801
500  37321.8922
500  476.3092
1000  47323.1648
1000  589.8297
5000  115840.8249
5000  27960.9412
10000  161397.3577
10000  29696.092


1000 ms
1  1081.8963
1  1092.6557
5  2019.2231
5  1092.0904
10  4051.656
10  1104.8222
25  7077.3824
25  1196.7029
50  11230.6829
50  1487.5701
100  18975.2253
100  3534.4615
500  64012.437
500  49649.8901
1000  196219.8698
1000  179109.0616
5000  4230770.2084
5000  4173651.2263
10000  16903421.3389


Monday

1  375.8917
1  376.7316
5  2010.6328
5  377.2565
10  2312.8481
10  380.0081
25  6325.454
25  381.8883
50  9313.4361
50  383.2926
100  16313.5075
100  392.7273
500  37327.6339
500  462.7194
1000  46328.9379
1000  565.9092

Monday Multiple Clients
1  3044.7729
1  3047.8557
1  3049.4423
1  3022.975
1  384.0589
1  371.1207
1  386.533
1  393.5753
5  7901.2171
5  7901.2032
5  7898.3829
5  7920.6045
5  373.8476
5  374.554
5  381.1813
5  388.1326
10  15714.9755
10  16006.6345
10  15997.5683
10  15982.0455
10  375.1874
10  356.2683
10  386.5664
10  374.9027
25  21277.6
25  21286.1298
25  21570.2999
25  21569.8201
25  356.1622
25  384.5842
25  394.7762
25  387.0028
50  39106.0403
50  39148.463
50  39156.3204
50  39147.8735
50  415.526
50  420.6239
50  418.9674
50  416.0467


1  4021.9483
1  4023.7259
1  4020.1905
1  4026.0707
1  380.7157
1  373.6264
1  342.6078
1  368.768
5  9012.3071
5  9286.2102
5  9302.3578
5  9314.1292
5  391.6647
5  385.9526
5  391.0861
5  383.4026
10  16001.8069
10  15986.2059
10  16006.8277
10  16010.8492
10  387.8158
10  391.7587
10  370.9444
10  395.4373
25  23809.9152
25  23819.7269
25  23819.6049
25  23803.9096
25  383.6247
25  358.4926
25  365.3134
25  392.6649
50  38015.3375
50  38003.9983
50  38016.5514
50  38317.5164
50  422.8253
50  412.9452
50  397.2328
50  408.4774
250  78873.9978
250  78876.7281
250  78879.9263
250  78858.0576
250  606.9345
250  618.4995
250  577.3409
250  596.6681
500  102456.9831
500  102478.0765
500  102477.4563
500  102481.417
500  62407.3633
500  62440.6671
500  62416.6802
500  62413.4801
1000  159203.5065
1000  159180.8229
1000  159197.3701
1000  159207.8677
1000  60960.0637
1000  60962.6927
1000  60975.7014


1  3522.053
1  3524.8248
1  3504.6123
1  3498.5099
1  385.8556
1  381.762
1  385.9918
1  375.3854
5  10324.1452
5  10312.2641
5  10324.1117
5  10317.1412
5  343.356
5  385.164
5  378.7615
5  379.8478
10  11021.3654
10  11022.5139
10  11040.9822
10  11346.8553
10  401.9598
10  391.9859
10  391.9266
10  394.517
25  26626.7914
25  26604.0373
25  26622.9866
25  26924.7722
25  381.8443
25  395.6678
25  365.2899
25  386.0683
50  36698.965
50  37015.286
50  36987.4791
50  37004.9442
50  419.8847
50  409.2048
50  407.4796
50  417.9115
250  75610.2629
250  75629.2423
250  75628.1349
250  75639.8122
250  630.1838
250  604.1937
250  591.571
250  614.6777
500  115178.2892
500  115178.6396
500  115175.7217


10 Clients
1  15431.2059
1  15239.091
1  15483.4611
1  15416.8489
1  15277.9731
1  15430.8036
1  15353.096
1  15453.0174
1  15490.107
1  15434.5946
1  379.5019
1  341.9144
1  387.4286
1  417.4251
1  352.3911
1  380.9725
1  350.5312
1  350.8346
1  335.5718
1  338.2912
5  29529.0214
5  29563.5348
5  29418.4542
5  29844.5742
5  29848.741
5  29763.6283
5  29756.8503
5  29886.8908
5  29836.7759
5  29848.7886
5  384.0487
5  331.0745
5  344.4978
5  361.5932
5  381.6912
5  369.0158
5  360.3878
5  362.7594
5  356.67
5  334.5077
10  43910.9121
10  43954.6382
10  43723.6963
10  43958.0495
10  43721.7454
10  43643.112
10  44163.1788
10  44252.6551
10  43958.9544
10  44217.4422
10  362.7293
10  428.0281
10  387.0564
10  416.1715
10  417.6047
10  418.1782
10  392.548
10  344.9176
10  368.7813
10  372.9158
25  58444.0121
25  58661.8597
25  58882.5131
25  58820.8895
25  58896.1264
25  58905.6298
25  58874.1838
25  58890.8078
25  58903.4923
25  58900.364
25  462.7383
25  479.4576
25  479.203
25  414.9507
25  434.1618
25  472.4635
25  416.5837
25  406.3987
25  470.4213
25  427.1277
50  88023.0648
50  87984.5795
50  88034.0122
50  88016.6803
50  88033.1838
50  88968.0124
50  88028.4321
50  88320.639
50  88279.5079
50  88289.8041
50  523.5974
50  473.0916
50  479.8463
50  472.8351
50  485.044
50  551.0161
50  416.8806
50  488.0868
50  552.0877
50  372.9689
100  128928.3869
100  128432.254
100  128392.6628
100  128740.0247
100  128755.4358
100  129224.9386
100  128661.6071
100  129283.4794
100  128771.3727
100  128717.4541
100  35117.0628
100  35122.8677
100  35253.6863
100  35288.568
100  35274.8234
100  35255.326
100  35294.8117
100  35493.0543
100  35477.0082
100  35488.4903
250  195247.8353
250  195295.0934
250  195254.0521
250  195226.6361
250  195346.6025
250  195320.1032
250  195364.8872
250  195257.7802


129 385.7697
5 125 404.2443
Async 5 125 1290.554
Async 5 125 429.5204
Async 5 125 383.4751
Async 1 25 356.8788
Async 2 50 423.1053
Async 3 75 365.9769
