Sync 1 26 551.2769
Failure 1
Async 1 26 576.0257
Sync 2 52 1542.2726
Async 2 52 671.1967
Sync 3 78 3053.0321
Async 3 78 661.1178
Sync 4 104 5613.0021
Async 4 104 634.4685
Sync 5 130 7566.2549
Async 5 130 659.1868
Sync 6 156 9608.2347
Async 6 156 673.435
Sync 7 182 11603.2371
Async 7 182 665.9974
Sync 8 208 13608.3625
Async 8 208 684.8875
Sync 9 234 15132.9685
Async 9 234 728.3122
Sync 10 260 17653.1104
Async 10 260 781.3055
Sync 11 286 19703.2847
Async 11 286 811.1845
Sync 12 312 21680.3492
Async 12 312 851.8276
Sync 13 338 23208.4607
Async 13 338 834.7879
Sync 14 364 25291.9913
Async 14 364 894.4481
Sync 15 390 27729.2335
Async 15 390 957.0451
Sync 16 416 29268.6459
Async 16 416 946.8604
Sync 17 442 31267.4775
Async 17 442 979.4674
Sync 18 468 33742.1621
Async 18 468 1046.1959
Sync 19 494 35271.5682
Async 19 494 1044.8109
Sync 20 520 37772.8637
Async 20 520 1085.8688
Sync 1 26 566.9041
Async 1 26 562.8792
Sync 2 52 1567.523
Async 2 52 578.5519
Sync 3 78 3552.7038
Async 3 78 574.5568
Sync 4 104 5597.6195
Async 4 104 600.0844
Sync 5 130 7071.1871
Async 5 130 636.8094
Sync 6 156 9603.2316
Async 6 156 628.9896
Sync 7 182 11098.8344
Async 7 182 675.2621
Sync 8 208 13619.4516
Async 8 208 686.5285
Sync 9 234 14650.2699
Async 9 234 738.6201
Sync 10 260 17671.0366
Async 10 260 746.8041
Sync 11 286 19194.207
Async 11 286 805.2695
Sync 12 312 21665.9384
Async 12 312 841.6255
Sync 13 338 23208.7349
Async 13 338 821.8345
Sync 14 364 25767.0022
Async 14 364 903.3977
Sync 15 390 27234.3819
Async 15 390 920.0416
Sync 16 416 29775.8605
Async 16 416 972.631
Sync 17 442 31272.5158
Async 17 442 982.0365
Sync 18 468 33734.1279
Async 18 468 1023.6061
Sync 19 494 35782.3072
Async 19 494 1077.6419
Sync 20 520 36787.3141
Async 20 520 1103.749
Sync 1 26 568.2682
Async 1 26 561.5036
Sync 2 52 1544.9676
Async 2 52 562.7965
Sync 3 78 3545.6497
Async 3 78 568.8578
Sync 4 104 5108.8259
Async 4 104 594.4566
Sync 5 130 7576.0389
Async 5 130 640.6821
Sync 6 155 9578.8391
Async 6 156 653.513
Sync 7 182 11591.3415
Async 7 182 667.9564
Sync 8 208 13122.7092
Async 8 208 689.9299
Sync 9 234 15640.151
Async 9 234 714.5802
Sync 10 260 17649.778
Async 10 260 752.6813
Sync 11 286 19691.7969
Async 11 286 807.1312
Sync 12 312 21195.9794
Async 12 312 830.9833
Sync 13 338 23236.8258
Async 13 338 886.8393
Sync 14 364 25302.8026
Async 14 364 878.8291
Sync 15 390 27216.9404
Async 15 390 906.4217
Sync 16 416 29776.8054
Async 16 416 962.9836
Sync 17 442 31265.039
Async 17 442 968.1308
Sync 18 468 33239.0625
Async 18 468 1020.9081
Sync 19 494 35280.4308
Async 19 494 1039.9526
Sync 20 519 36797.7669
Async 20 520 1057.6476
Sync 1 26 567.6951
Async 1 26 549.5235
Sync 2 52 1548.3739
Async 2 52 563.1269
Sync 3 78 3545.3236
Async 3 78 584.4204
Sync 4 104 5609.4898
Async 4 104 603.2002
Sync 5 130 7582.6539
Async 5 130 622.2436
Sync 6 156 9572.9594
Async 6 156 654.3616
Sync 7 182 11114.8534
Async 7 182 676.0163
Sync 8 208 13613.124
Async 8 208 695.7582
Sync 9 234 15633.9423
Async 9 234 705.0402
Sync 10 260 17159.526
Async 10 260 751.5764
Sync 11 286 19215.3775
Async 11 286 808.214
Sync 12 312 21686.8782
Async 12 312 790.4633
Sync 13 338 23707.7655
Async 13 338 846.756
Sync 14 364 25282.084
Async 14 364 910.1418
Sync 15 390 27709.2292
Async 15 390 941.5647
Sync 16 416 29278.4811
Async 16 416 945.4087
Sync 17 442 31762.3786
Async 17 442 927.809
Sync 18 468 33743.0721
Async 18 468 961.091
Sync 19 494 35300.0286
Async 19 494 1034.0882
Sync 20 519 37814.6666
Async 20 520 1062.9005
Sync 1 26 568.7175
Async 1 26 553.9344
Sync 2 52 1543.0277
Async 2 52 561.3146
Sync 3 78 3552.7755
Async 3 78 575.1141
Sync 4 104 5601.2898
Async 4 104 592.7849
Sync 5 130 7573.7377
Async 5 130 615.3153
Sync 6 156 9082.4627
Async 6 156 648.9882
Sync 7 182 11588.3328
Async 7 182 665.0616
Sync 8 208 13605.1172
Async 8 208 688.8437
Sync 9 234 15122.5535
Async 9 234 734.9272
Sync 10 260 17655.7378
Async 10 260 753.3265
Sync 11 286 19221.4528
Async 11 286 777.928
Sync 12 311 21694.5013
Async 12 312 820.567
Sync 13 338 22702.6013
Async 13 338 863.3188
Sync 14 364 25286.6586
Async 14 364 862.1954
Sync 15 390 27731.7326
Async 15 390 920.1307
Sync 16 416 29772.3427
Async 16 416 925.7034
Sync 17 442 31271.6893
Async 17 442 964.6485
Sync 18 468 33252.8071
Async 18 468 1032.8154
Sync 19 494 35268.2854
Async 19 494 1054.9713
Sync 20 520 37297.7383
Async 20 520 1071.3696
Sync 1 26 567.3759
Async 1 26 561.4354
Sync 2 52 1561.5508
Async 2 52 563.4814
Sync 3 78 3577.1557
Async 3 78 581.3887
Sync 4 104 5127.1172
Async 4 104 598.6707
Sync 5 130 7074.9979
Async 5 130 636.6665
Sync 6 156 9592.5355
Async 6 156 645.6372
Sync 7 182 11602.4212
Async 7 182 664.6564
Sync 8 208 13625.0126
Async 8 208 694.7701
Sync 9 234 15145.2293
Async 9 234 722.7783
Sync 10 260 17158.8595
Async 10 260 744.5403
Sync 11 286 19271.7853
Async 11 286 785.4529
Sync 12 312 21688.7738
Async 12 312 806.1372
Sync 13 338 23211.2951
Async 13 338 864.862
Sync 14 364 25791.8998
Async 14 364 875.391
Sync 15 390 27222.7646
Async 15 390 938.5904
Sync 16 416 29769.8975
Async 16 416 947.0787
Sync 17 442 31276.3557
Async 17 442 999.6764
Sync 18 468 33261.8239
Async 18 468 1014.3866
Sync 19 494 35268.9222
Async 19 494 1079.957
Sync 20 520 37804.3691
Async 20 520 1132.5347
Sync 1 26 550.3466
Async 1 26 577.3555
Sync 2 52 1561.1609
Async 2 52 564.0123
Sync 3 78 3556.4372
Async 3 78 572.3464
Sync 4 104 5611.0524
Async 4 104 604.6137
Sync 5 130 7048.2226
Async 5 130 617.8137
Sync 6 156 9082.5064
Async 6 156 640.761
Sync 7 182 11590.9688
Async 7 182 653.4078
Sync 8 208 13617.0139
Async 8 208 692.2155
Sync 9 234 15639.3184
Async 9 234 741.7905
Sync 10 260 17662.4776
Async 10 260 776.1404
Sync 11 286 19218.3958
Async 11 286 777.3751
Sync 12 312 21194.3701
Async 12 312 815.2835
Sync 13 338 23197.8476
Async 13 338 844.7873
Sync 14 364 25796.3143
Async 14 363 887.5978
Sync 15 390 27224.6377
Async 15 390 906.3121
Sync 16 416 29782.9195
Async 16 416 969.3047
Sync 17 442 31265.6442
Async 17 442 942.5742
Sync 18 468 33242.0131
Async 18 468 1026.3444
Sync 19 494 35255.4838
Async 19 494 1076.8295
Sync 20 520 37824.8601
Async 20 520 1147.6946
Sync 1 26 568.331
Async 1 26 577.2753
Sync 2 52 1560.8946
Async 2 52 561.857
Sync 3 78 3554.2588
Async 3 78 569.763
Sync 4 104 5602.2496
Async 4 104 601.1417
Sync 5 130 7074.5131
Async 5 130 628.3909
Sync 6 156 9595.872
Async 6 156 638.0317
Sync 7 182 11098.6733
Async 7 181 704.7575
Sync 8 208 13625.9849
Async 8 208 691.3335
Sync 9 234 15146.6005
Async 9 234 721.957
Sync 10 260 17662.8934
Async 10 260 803.2617
Sync 11 286 18707.8598
Async 11 286 768.037
Sync 12 312 20675.7982
Async 12 312 844.5302
Sync 13 338 23193.049
Async 13 338 839.4764
Sync 14 364 25790.3258
Async 14 364 888.2243
Sync 15 390 27202.5007
Async 15 390 940.7954
Sync 16 416 29775.902
Async 16 416 988.8048
Sync 17 442 31754.3258
Async 17 442 999.3078
Sync 18 468 33239.4961
Async 18 468 1040.5031
Sync 19 494 35277.9558
Async 19 494 1078.6094
Sync 20 520 36804.0229
Async 20 520 1142.4059
Sync 1 26 568.7754
Async 1 26 560.6419
Sync 2 52 1534.0549
Async 2 52 566.3683
Sync 3 78 3590.3142
Async 3 78 606.9599
Sync 4 104 5627.3216
Async 4 104 603.225
Sync 5 130 7564.9206
Async 5 130 630.0546
Sync 6 156 9576.3418
Async 6 156 658.4196
Sync 7 182 11594.7736
Async 7 182 670.8624
Sync 8 208 13603.8644
Async 8 208 681.6727
Sync 9 234 15640.2249
Async 9 234 724.0476
Sync 10 260 17642.3949
Async 10 260 752.7304
Sync 11 286 19206.1468
Async 11 286 807.8991
Sync 12 312 21697.6094
Async 12 312 848.1913
Sync 13 338 22695.7447
Async 13 338 818.9707
Sync 14 364 25790.655
Async 14 364 860.3505
Sync 15 390 27224.1158
Async 15 390 932.7103
Sync 16 416 29769.5417
Async 16 416 966.547
Sync 17 442 31756.978
Async 17 442 1007.2878
Sync 18 468 33739.8315
Async 18 468 1035.3903
Sync 19 494 35280.8926
Async 19 494 1080.7694
Sync 20 520 36816.2478
Async 20 520 1101.8142
Sync 1 26 547.3018
Async 1 26 577.2043
Sync 2 52 1560.3445
Async 2 52 563.6797
Sync 3 78 3544.5026
Async 3 78 602.5196
Sync 4 104 5592.8559
Async 4 104 604.1965
Sync 5 130 7088.305
Async 5 130 633.9439
Sync 6 156 9605.5095
Async 6 156 638.7896
Sync 7 182 11086.0647
Async 7 182 663.7194
Sync 8 208 13606.8858
Async 8 208 705.799
Sync 9 234 15135.8275
Async 9 234 725.7514
Sync 10 260 17151.8783
Async 10 260 730.4835
Sync 11 286 19687.7188
Async 11 286 795.6592
Sync 12 312 20175.3246
Async 12 312 801.9791
Sync 13 338 23207.6521
Async 13 338 833.819
Sync 14 364 25787.7074
Async 14 364 863.2601
Sync 15 390 27215.518
Async 15 390 918.8594
Sync 16 416 29752.814
Async 16 416 962.6831
Sync 17 442 31283.9865
Async 17 442 984.2061
Sync 18 468 33234.1909
Async 18 468 1027.5844
Sync 19 494 34753.7283
Async 19 494 980.8614
Sync 20 520 37310.0551
Async 20 520 1072.2908
Sync 1 26 569
Async 1 26 576.8415
Sync 2 52 1543.7468
Async 2 52 564.0804
Sync 3 78 3545.4398
Async 3 78 580.1608
Sync 4 104 5612.3827
Async 4 104 599.5073
Sync 5 130 7589.2857
Async 5 130 629.2054
Sync 6 156 10077.3653
Async 6 156 636.9137
Sync 7 182 11621.6035
Async 7 182 668.9367
Sync 8 208 13107.0629
Async 8 208 709.8301
Sync 9 234 15648.9301
Async 9 234 741.5661
Sync 10 260 17658.1411
Async 10 260 734.3905
Sync 11 286 19210.2057
Async 11 286 780.9101
Sync 12 312 21700.271
Async 12 312 833.1463
Sync 13 338 23182.4389
Async 13 338 853.5505
Sync 14 364 25291.8314
Async 14 364 914.6598
Sync 15 390 27722.5897
Async 15 390 900.517
Sync 16 416 29261.4159
Async 16 416 959.4303
Sync 17 442 31769.7164
Async 17 442 968.6571
Sync 18 468 33746.3451
Async 18 468 1024.6553
Sync 19 494 35751.0442
Async 19 494 1030.1201
Sync 20 520 37804.735
Async 20 520 1075.8121
Sync 1 26 568.5642
Async 1 26 562.0291
Sync 2 52 1562.5242
Async 2 52 570.9243
Sync 3 78 3592.1818
Async 3 78 685.1461
Sync 4 104 5589.4373
Async 4 104 598.6071
Sync 5 130 7572.3133
Async 5 130 649.153
Sync 6 156 9585.0535
Async 6 156 649.7879
Sync 7 182 11593.4124
Async 7 182 675.0937
Sync 8 208 13610.2655
Async 8 208 703.4206
Sync 9 234 15146.3159
Async 9 234 705.7579
Sync 10 260 17656.9756
Async 10 260 756.4323
Sync 11 286 19199.637
Async 11 286 812.2583
Sync 12 312 21185.9614
Async 12 311 858.8874
Sync 13 338 23213.1581
Async 13 338 855.8413
Sync 14 364 25797.7466
Async 14 364 896.7851
Sync 15 390 26235.5644
Async 15 390 952.7039
Sync 16 416 29279.9981
Async 16 416 977.926
Sync 17 442 31751.5917
Async 17 442 980.703
Sync 18 468 33743.1743
Async 18 468 1053.7673
Sync 19 494 35785.506
Async 19 494 1045.5788
Sync 20 520 37808.8924
Async 20 520 1004.665
Sync 1 26 567.8171
Async 1 26 549.7056
Sync 2 52 1563.5002
Async 2 52 559.2101
Sync 3 78 3080.1676
Async 3 78 582.903
Sync 4 104 5604.35
Async 4 104 593.9576
Sync 5 130 7579.6764
Async 5 129 635.8707
Sync 6 156 9586.9813
Async 6 156 641.9564
Sync 7 181 11588.8781
Async 7 182 693.7941
Sync 8 208 13607.107
Async 8 208 703.9905
Sync 9 234 15623.8362
Async 9 234 732.7978
Sync 10 260 17171.5975
Async 10 260 805.4018
Sync 11 286 19712.2391
Async 11 286 796.0669
Sync 12 312 21678.9109
Async 12 312 828.4068
Sync 13 338 23197.6686
Async 13 338 882.9775
Sync 14 364 25784.9295
Async 14 364 849.3737
Sync 15 390 27230.9936
Async 15 390 928.5322
Sync 16 416 29785.6082
Async 16 416 939.9555
Sync 17 442 31771.9398
Async 17 442 985.0458
Sync 18 468 33746.2475
Async 18 468 981.2388
Sync 19 494 35257.4494
Async 19 494 1069.7972
Sync 20 520 37308.4483
Async 20 520 1086.6954
Sync 1 26 563.465
Async 1 26 562.4744
Sync 2 52 1557.8803
Async 2 52 564.3326
Sync 3 78 3553.8043
Async 3 78 579.2191
Sync 4 104 5598.9181
Async 4 104 614.4844
Sync 5 130 7573.1357
Async 5 130 637.604
Sync 6 156 9576.3231
Async 6 156 657.4875
Sync 7 182 11105.5539
Async 7 182 699.4346
Sync 8 208 13591.9282
Async 8 208 688.7287
Sync 9 234 15640.4061
Async 9 234 753.6065
Sync 10 260 17671.2578
Async 10 260 748.8617
Sync 11 286 19704.3389
Async 11 286 777.4693
Sync 12 312 21686.7012
Async 12 312 797.9386
Sync 13 338 23705.9686
Async 13 338 875.4503
Sync 14 364 25784.0948
Async 14 364 877.7921
Sync 15 390 27719.9015
Async 15 390 917.3884
Sync 16 416 29776.7458
Async 16 416 944.8754
Sync 17 442 31754.5462
Async 17 442 983.5716
Sync 18 468 33226.4239
Async 18 468 999.2562
Sync 19 494 35788.191
Async 19 494 1073.1006
Sync 20 520 37782.7616
Async 20 520 1040.205
Sync 1 26 567.2817
Async 1 26 577.0665
Sync 2 52 1569.1955
Async 2 52 566.1895
Sync 3 78 3590.8871
Async 3 78 580.7002
Sync 4 104 5122.8009
Async 4 104 605.3456
Sync 5 130 7081.5686
Async 5 130 671.0821
Sync 6 156 9582.561
Async 6 156 650.2765
Sync 7 181 11587.31
Async 7 182 681.0954
Sync 8 208 13623.3613
Async 8 208 718.9288
Sync 9 234 15130.6801
Async 9 234 716.5969
Sync 10 260 17656.1772
Async 10 260 758.4534
Sync 11 286 19702.5917
Async 11 286 804.0744
Sync 12 312 21679.8772
Async 12 312 828.2593
Sync 13 338 23207.5497
Async 13 338 869.8714
Sync 14 364 25789.7098
Async 14 364 835.077
Sync 15 390 27218.1669
Async 15 390 868.8294
Sync 16 416 29767.1703
Async 16 416 968.1299
Sync 17 442 31775.2583
Async 17 442 982.9721
Sync 18 468 33246.2305
Async 18 468 1020.403
Sync 19 494 35263.5974
Async 19 494 1035.8837
Sync 20 520 37282.2531
Async 20 520 1095.5042
Sync 1 26 567.3904
Async 1 26 575.3777
Sync 2 52 1573.8613
Async 2 52 563.3011
Sync 3 78 3533.7576
Async 3 78 573.7501
Sync 4 104 5603.7017
Async 4 104 612.2421
Sync 5 130 7562.8955
Async 5 130 619.4458
Sync 6 156 9566.7627
Async 6 156 636.1356
Sync 7 182 11106.65
Async 7 182 688.9248
Sync 8 208 13618.6517
Async 8 208 709.501
Sync 9 234 15137.7317
Async 9 234 721.0042
Sync 10 260 17659.9149
Async 10 260 787.2295
Sync 11 286 19218.4459
Async 11 286 795.9671
Sync 12 312 21688.2337
Async 12 312 838.5234
Sync 13 338 23721.6012
Async 13 338 866.3634
Sync 14 364 25784.3452
Async 14 364 910.1977
Sync 15 390 27738.2156
Async 15 390 909.9665
Sync 16 416 29759.6644
Async 16 416 955.2843
Sync 17 442 31265.2504
Async 17 442 984.3596
Sync 18 468 33733.1578
Async 18 468 984.0895
Sync 19 494 35760.6683
Async 19 494 1089.0168
Sync 20 520 37800.8551
Async 20 520 1050.1557
Sync 1 26 567.58
Async 1 26 561.9597
Sync 2 52 1561.7715
Async 2 52 561.9939
Sync 3 78 3558.6576
Async 3 78 564.1954
Sync 4 104 5122.735
Async 4 104 613.0207
Sync 5 130 7558.3352
Async 5 130 617.4569
Sync 6 156 9094.4776
Async 6 156 644.2483
Sync 7 182 11601.2802
Async 7 182 681.5097
Sync 8 208 13603.6815
Async 8 208 708.8194
Sync 9 234 15644.6035
Async 9 234 710.0935
Sync 10 260 16667.0611
Async 10 260 755.5794
Sync 11 286 19700.7037
Async 11 286 811.6455
Sync 12 312 21203.6963
Async 12 312 782.0293
Sync 13 338 23201.0127
Async 13 338 860.2427
Sync 14 364 25290.7277
Async 14 364 899.1705
Sync 15 390 27724.2953
Async 15 390 902.0826
Sync 16 416 28767.752
Async 16 416 938.8471
Sync 17 442 31275.7658
Async 17 442 999.1719
Sync 18 468 33721.8882
Async 18 468 997.126
Sync 19 494 35775.7754
Async 19 494 1088.4276
Sync 20 520 37294.5823
Async 20 520 1019.9598
Sync 1 26 556.728
Async 1 26 577.4384
Sync 2 52 1561.4008
Async 2 52 563.8483
Sync 3 78 3042.8753
Async 3 78 589.6846
Sync 4 104 5615.3905
Async 4 104 624.2205
Sync 5 130 7080.5829
Async 5 130 643.5747
Sync 6 156 9595.0363
Async 6 156 663.0538
Sync 7 182 11090.2789
Async 7 182 665.4605
Sync 8 208 13609.9044
Async 8 208 684.538
Sync 9 234 15158.8441
Async 9 234 720.5995
Sync 10 260 17154.3406
Async 10 260 782.9466
Sync 11 286 19204.8622
Async 11 286 803.4413
Sync 12 312 21716.7979
Async 12 312 830.9999
Sync 13 338 23223.844
Async 13 338 861.2883
Sync 14 364 25797.5679
Async 14 364 939.6116
Sync 15 390 27734.9766
Async 15 390 908.64
Sync 16 416 29275.8209
Async 16 416 959.643
Sync 17 442 31776.1033
Async 17 442 987.7456
Sync 18 468 33736.4585
Async 18 468 1036.2753
Sync 19 494 35281.457
Async 19 494 1063.3913
Sync 20 520 37322.5836
Async 20 520 1064.4441
Sync 1 26 567.7985
Async 1 26 576.7226
Sync 2 52 1560.4533
Async 2 52 565.7106
Sync 3 78 3546.2211
Async 3 78 576.1157
Sync 4 104 5094.0282
Async 4 104 599.727
Sync 5 130 7083.3353
Async 5 130 624.4822
Sync 6 156 9067.9144
Async 6 156 648.8101
Sync 7 182 11599.6087
Async 7 182 673.4913
Sync 8 208 13650.5097
Async 8 208 692.481
Sync 9 234 15125.0677
Async 9 234 706.1996
Sync 10 260 17658.928
Async 10 260 776.3247
Sync 11 286 19709.4309
Async 11 286 807.6334
Sync 12 312 21687.2833
Async 12 312 821.7092
Sync 13 338 23213.5263
Async 13 338 892.7617
Sync 14 364 25795.75
Async 14 364 886.1145
Sync 15 390 27206.1912
Async 15 390 923.1138
Sync 16 416 29770.5557
Async 16 416 935.9478
Sync 17 442 31260.8445
Async 17 442 997.5394
Sync 18 468 33247.4235
Async 18 468 1039.7399
Sync 19 494 35264.1983
Async 19 494 1049.5696
Sync 20 520 37302.8562
Async 20 520 1081.0346
Sync 1 26 578.2294
Async 1 26 571.3622
Sync 2 52 1561.2293
Async 2 52 570.5953
Sync 3 78 3058.1496
Async 3 78 570.695
Sync 4 104 5620.2444
Async 4 104 604.2352
Sync 5 130 7571.9592
Async 5 130 623.4703
Sync 6 156 9059.0536
Async 6 156 655.4751
Sync 7 182 11616.2822
Async 7 182 665.6252
Sync 8 208 13600.9624
Async 8 208 689.61
Sync 9 234 15640.07
Async 9 234 704.1469
Sync 10 260 17663.1613
Async 10 260 779.7824
Sync 11 286 19203.1749
Async 11 286 785.4871
Sync 12 312 21688.8353
Async 12 312 784.7418
Sync 13 338 23708.2109
Async 13 338 855.339
Sync 14 364 25803.1435
Async 14 364 937.327
Sync 15 390 27715.1469
Async 15 390 860.6022
Sync 16 416 29263.2088
Async 16 416 952.1569
Sync 17 442 30263.0748
Async 17 442 963.8719
Sync 18 468 33246.8612
Async 18 468 1018.8396
Sync 19 494 35262.9823
Async 19 494 1028.5506
Sync 20 520 37331.8196
Async 20 520 1033.1025
Sync 1 26 567.4941
Async 1 26 576.6545
Sync 2 52 1560.2363
Async 2 52 563.4228
Sync 3 78 3557.2403
Async 3 78 598.079
Sync 4 104 5615.44
Async 4 104 608.0855
Sync 5 130 7083.2254
Async 5 130 638.0995
Sync 6 156 9572.552
Async 6 156 641.4993
Sync 7 182 11601.4172
Async 7 182 672.4556
Sync 8 208 13615.6632
Async 8 208 693.9055
Sync 9 234 15150.421
Async 9 234 718.4397
Sync 10 260 17661.8501
Async 10 260 749.9665
Sync 11 286 19707.5003
Async 11 286 806.1419
Sync 12 312 20690.1612
Async 12 312 838.8117
Sync 13 338 23201.0501
Async 13 338 862.266
Sync 14 364 25804.4466
Async 14 364 845.6619
Sync 15 390 27238.5961
Async 15 390 910.2624
Sync 16 416 29777.9023
Async 16 416 939.9016
Sync 17 442 31230.7601
Async 17 442 1037.6486
Sync 18 468 33749.218
Async 18 468 1030.1007
Sync 19 494 35770.1709
Async 19 494 1013.569
Sync 20 520 37293.2515
Async 20 520 1071.9422
Sync 1 26 544.2729
Async 1 26 561.5783
Sync 2 52 1561.3969
Async 2 52 563.5002
Sync 3 78 3569.0702
Async 3 78 566.1648
Sync 4 104 5598.0782
Async 4 104 612.9861
Sync 5 130 7075.0757
Async 5 130 610.0678
Sync 6 156 9089.639
Async 6 156 647.4519
Sync 7 182 11591.0646
Async 7 182 663.1448
Sync 8 208 13121.6721
Async 8 208 696.3482
Sync 9 234 15628.6329
Async 9 234 757.9399
Sync 10 260 17662.4969
Async 10 260 773.0898
Sync 11 286 19208.4555
Async 11 286 804.8967
Sync 12 312 21208.2569
Async 12 312 791.5948
Sync 13 338 23201.9752
Async 13 338 875.4394
Sync 14 364 25788.3649
Async 14 364 919.2286
Sync 15 390 27206.6109
Async 15 390 945.2583
Sync 16 416 29751.4099
Async 16 416 958.4443
Sync 17 442 30289.9474
Async 17 442 1016.5624
Sync 18 468 33256.1424
Async 18 468 1011.2607
Sync 19 494 35277.5985
Async 19 494 1041.3361
Sync 20 520 37830.1805
Async 20 520 1079.504
Sync 1 26 569.0457
Async 1 26 576.8194
Sync 2 52 1542.3104
Async 2 52 578.1969
Sync 3 78 3532.17
Async 3 78 570.7493
Sync 4 104 5590.4502
Async 4 104 605.7765
Sync 5 130 7557.8388
Async 5 130 617.1579
Sync 6 156 9071.7262
Async 6 156 625.1667
Sync 7 182 11602.0971
Async 7 182 667.9308
Sync 8 208 13631.2896
Async 8 208 743.0466
Sync 9 234 15619.9874
Async 9 234 743.8246
Sync 10 260 17177.2804
Async 10 260 766.5133
Sync 11 286 19208.894
Async 11 286 780.7451
Sync 12 312 21179.5166
Async 12 312 838.2708
Sync 13 338 23706.002
Async 13 338 869.3691
Sync 14 364 25290.3742
Async 14 364 840.6795
Sync 15 390 27722.3786
Async 15 390 904.6248
Sync 16 416 29275.9394
Async 16 416 916.8955
Sync 17 442 31754.623
Async 17 442 1017.8044
Sync 18 468 33213.652
Async 18 468 977.4788
Sync 19 494 35764.0751
Async 19 494 1041.7106
Sync 20 520 36812.5135
Async 20 520 1079.6218
Sync 1 26 568.8228
Async 1 26 576.9475
Sync 2 52 1560.73
Async 2 52 563.5841
Sync 3 78 3529.6305
Async 3 78 579.324
Sync 4 104 5118.0251
Async 4 104 597.0084
Sync 5 130 7585.3793
Async 5 130 622.7974
Sync 6 156 9093.205
Async 6 156 678.106
Sync 7 182 11107.3389
Async 7 182 674.4416
Sync 8 208 13617.6588
Async 8 208 697.1673
Sync 9 234 15146.9638
Async 9 234 712.5058
Sync 10 260 17654.4725
Async 10 260 776.7159
Sync 11 286 19203.4266
Async 11 286 776.9946
Sync 12 312 21211.1501
Async 12 312 804.3248
Sync 13 338 23208.636
Async 13 338 861.7566
Sync 14 364 25808.6896
Async 14 364 870.2324
Sync 15 390 27719.7054
Async 15 390 907.8161
Sync 16 416 29266.7112
Async 16 416 950.783
Sync 17 442 31271.1329
Async 17 442 1072.2196
Sync 18 468 33247.0001
Async 18 468 1007.5962
Sync 19 494 35278.5364
Async 19 494 1033.6344
Sync 20 520 37791.7605
Async 20 520 1080.0033
Sync 1 26 568.663
Async 1 26 561.4691
Sync 2 52 1540.8221
Async 2 52 669.15
Sync 3 78 3574.3538
Async 3 78 685.0175
Sync 4 104 5612.2553
Async 4 104 596.0426
Sync 5 130 7585.3904
Async 5 130 637.5935
Sync 6 156 9581.5419
Async 6 156 640.7878
Sync 7 182 11606.5511
Async 7 182 653.2255
Sync 8 208 13606.4582
Async 8 208 690.389
Sync 9 234 35034.7679
Async 9 234 701.4179
Sync 10 260 17651.1049
Async 10 260 740.3257
Sync 11 286 18180.2004
Async 11 286 808.2949
Sync 12 312 21200.8087
Async 12 312 800.0354
Sync 13 338 23205.72
Async 13 338 834.9494
Sync 14 364 25794.2504
Async 14 364 873.0006
Sync 15 390 27246.3996
Async 15 390 878.0354
Sync 16 416 29763.2717
Async 16 416 924.4973
Sync 17 442 31257.4438
Async 17 442 918.6297
Sync 18 468 33240.0329
Async 18 468 1070.1895
Sync 19 494 35279.4039
Async 19 494 1071.9337
Sync 20 520 37292.5837
Async 20 520 1074.3401
Sync 1 26 567.5089
Async 1 26 561.8115
Sync 2 52 1559.9808
Async 2 52 561.3318
Sync 3 78 3532.2622
Async 3 78 607.2971
Sync 4 104 5113.8508
Async 4 104 594.6172
Sync 5 130 7577.5893
Async 5 130 613.4397
Sync 6 156 9084.6242
Async 6 156 648.9885
Sync 7 182 11607.5769
Async 7 182 666.1146
Sync 8 208 13121.1031
Async 8 208 701.1485
Sync 9 234 15147.3321
Async 9 234 752.1917
Sync 10 260 17148.1771
Async 10 260 761.9774
Sync 11 286 19211.9398
Async 11 286 796.1908
Sync 12 312 21694.2566
Async 12 312 837.7529
Sync 13 338 22719.2316
Async 13 338 870.6185
Sync 14 364 25789.6239
Async 14 364 881.5735
Sync 15 390 27214.1483
Async 15 390 913.4868
Sync 16 416 29272.2706
Async 16 416 951.5081
Sync 17 442 31244.5453
Async 17 442 984.9364
Sync 18 468 33737.7046
Async 18 468 1044.2932
Sync 19 494 35770.1829
Async 19 494 1040.2641
Sync 20 520 37801.0976
Async 20 520 1068.6866
Sync 1 26 544.7626
Async 1 26 561.6207
Sync 2 52 1555.2293
Async 2 52 562.3567
Sync 3 78 3570.0487
Async 3 78 578.7496
Sync 4 104 5597.0274
Async 4 104 591.4916
Sync 5 130 7576.6506
Async 5 130 625.4211
Sync 6 156 9585.9055
Async 6 156 645.9645
Sync 7 182 11594.2128
Async 7 182 666.2026
Sync 8 208 13603.7503
Async 8 208 686.849
Sync 9 234 15151.325
Async 9 234 707.5935
Sync 10 260 17659.9375
Async 10 260 757.2432
Sync 11 286 19706.419
Async 11 286 800.2765
Sync 12 312 21688.272
Async 12 312 830.2105
Sync 13 338 23210.4866
Async 13 338 833.9239
Sync 14 364 25792.2853
Async 14 364 875.008
Sync 15 390 27724.8227
Async 15 390 861.5753
Sync 16 416 29785.858
Async 16 416 954.2961
Sync 17 442 31771.009
Async 17 442 986.3416
Sync 18 468 33733.1945
Async 18 468 1051.3756
Sync 19 494 35767.1663
Async 19 494 1054.2087
Sync 20 520 37826.9561
Async 20 520 1108.6519
Sync 1 26 578.0429
Async 1 26 557.6917
Sync 2 52 1558.4729
Async 2 52 551.3432
Sync 3 78 3084.5267
Async 3 78 579.5718
Sync 4 104 5616.4799
Async 4 104 618.656
Sync 5 130 7571.7438
Async 5 130 643.8025
Sync 6 156 9576.3448
Async 6 156 641.8012
Sync 7 182 11595.3883
Async 7 182 668.6456
Sync 8 208 13608.7183
Async 8 208 700.7377
Sync 9 234 15645.4735
Async 9 234 729.6776
Sync 10 260 17164.9543
Async 10 260 750.0093
Sync 11 286 19220.4421
Async 11 286 807.5736
Sync 12 312 21698.0349
Async 12 312 793.5174
Sync 13 338 23198.4591
Async 13 338 864.5535
Sync 14 364 26781.3188
Async 14 364 891.878
Sync 15 390 27718.4967
Async 15 390 937.796
Sync 16 416 29760.8529
Async 16 416 934.9496
Sync 17 442 31752.6129
Async 17 442 941.5806
Sync 18 468 33753.7671
Async 18 468 982.3261
Sync 19 494 35769.9186
Async 19 494 1068.9413
Sync 20 520 37319.1819
Async 20 520 1086.4088
Sync 1 26 566.6331
Async 1 26 573.1345
Sync 2 52 1578.93
Async 2 52 669.5721
Sync 3 78 3561.7994
Async 3 78 669.4687
Sync 4 104 5612.3975
Async 4 104 603.0056
Sync 5 130 7562.9548
Async 5 130 623.0809
Sync 6 156 9583.5359
Async 6 156 634.3364
Sync 7 182 11594.195
Async 7 182 669.5828
Sync 8 208 13615.2552
Async 8 208 747.269
Sync 9 234 15633.298
Async 9 234 780.0639
Sync 10 260 17663.3566
Async 10 260 766.4166
Sync 11 286 19218.0635
Async 11 286 810.9455
Sync 12 312 21688.373
Async 12 312 852.758
Sync 13 338 23692.0752
Async 13 338 883.1742
Sync 14 364 25288.4282
Async 14 364 881.7693
Sync 15 390 27283.6945
Async 15 390 938.1679
Sync 16 416 29256.9709
Async 16 416 923.7581
Sync 17 442 31268.7191
Async 17 442 950.0653
Sync 18 468 33739.4379
Async 18 468 994.8183
Sync 19 494 35279.4155
Async 19 494 998.9233
Sync 20 520 37314.3689
Async 20 520 982.0536
Sync 1 26 568.4389
Async 1 26 576.7758
Sync 2 52 1561.7398
Async 2 52 564.5761
Sync 3 78 3576.6066
Async 3 78 614.1026
Sync 4 104 5617.9108
Async 4 104 598.4803
Sync 5 130 7057.3516
Async 5 130 628.0126
Sync 6 156 9076.3209
Async 6 156 692.2749
Sync 7 182 11100.5838
Async 7 182 670.3199
Sync 8 208 13617.1629
Async 8 208 689.9759
Sync 9 234 15158.8932
Async 9 234 737.8573
Sync 10 260 17673.7702
Async 10 260 738.2328
Sync 11 286 19710.0609
Async 11 286 783.6049
Sync 12 312 21682.0304
Async 12 312 773.9351
Sync 13 338 23715.0655
Async 13 338 875.5164
Sync 14 364 25304.5407
Async 14 364 869.5156
Sync 15 390 27242.7671
Async 15 390 919.2599
Sync 16 416 28768.7891
Async 16 416 949.4225
Sync 17 442 31777.1671
Async 17 442 997.0378
Sync 18 468 33739.358
Async 18 468 950.4724
Sync 19 494 35270.2023
Async 19 494 1126.6395
Sync 20 520 37819.6481
Async 20 520 1005.8037
Sync 1 26 568.4451
Async 1 26 577.0104
Sync 2 52 1569.6876
Async 2 52 570.9756
Sync 3 78 3533.2808
Async 3 78 669.4441
Sync 4 104 5122.8079
Async 4 104 599.886
Sync 5 130 7089.8635
Async 5 130 614.5643
Sync 6 156 9061.4757
Async 6 156 640.7189
Sync 7 182 11100.9265
Async 7 182 673.9781
Sync 8 208 13620.0334
Async 8 208 677.4411
Sync 9 234 15142.8428
Async 9 234 774.4217
Sync 10 260 17661.2131
Async 10 260 752.6516
Sync 11 286 19231.5598
Async 11 286 822.2278
Sync 12 312 21701.4237
Async 12 312 838.2021
Sync 13 338 23210.4881
Async 13 338 854.9615
Sync 14 364 25799.8031
Async 14 364 846.9416
Sync 15 390 27263.0754
Async 15 390 935.4862
Sync 16 416 29754.5196
Async 16 416 962.1135
Sync 17 442 31261.717
Async 17 442 977.21
Sync 18 468 33733.0552
Async 18 468 1022.372
Sync 19 494 35762.3619
Async 19 494 991.0828
Sync 20 520 37818.4067
Async 20 520 1059.8954
Sync 1 26 568.0916
Async 1 26 577.3025
Sync 2 52 1555.6778
Async 2 52 669.4753
Sync 3 78 3518.1339
Async 3 78 576.2035
Sync 4 104 5117.5357
Async 4 104 598.828
Sync 5 130 7065.3757
Async 5 130 643.2252
Sync 6 156 9060.3778
Async 6 156 674.5015
Sync 7 182 11599.2963
Async 7 182 695.0088
Sync 8 208 13123.6631
Async 8 208 709.1503
Sync 9 234 15154.0014
Async 9 234 730.4212
Sync 10 260 17661.2395
Async 10 260 774.0968
Sync 11 286 19720.6004
Async 11 286 759.1683
Sync 12 312 21211.6664
Async 12 312 837.8022
Sync 13 338 23716.6237
Async 13 338 848.2468
Sync 14 364 25805.8795
Async 14 364 855.9138
Sync 15 390 27740.7376
Async 15 390 931.1235
Sync 16 416 29772.6137
Async 16 416 953.129
Sync 17 442 31257.8934
Async 17 442 1012.6975
Sync 18 468 33733.9008
Async 18 468 968.0279
Sync 19 494 35765.0654
Async 19 494 1117.0409
Sync 20 520 37798.1489
Async 20 520 1067.2306
Sync 1 26 567.3424
Async 1 26 576.9852
Sync 2 52 1551.338
Async 2 52 564.7868
Sync 3 78 3560.8481
Async 3 78 577.5957
Sync 4 104 5622.5109
Async 4 104 596.654
Sync 5 130 7080.9848
Async 5 130 640.7869
Sync 6 156 9089.1142
Async 6 156 653.273
Sync 7 182 11606.4537
Async 7 182 684.2975
Sync 8 208 13609.0294
Async 8 208 681.3916
Sync 9 234 15635.7457
Async 9 234 740.2714
Sync 10 260 17643.8599
Async 10 260 749.7034
Sync 11 286 19699.4549
Async 11 286 798.6129
Sync 12 312 21687.6874
Async 12 312 825.2923
Sync 13 338 23703.3823
Async 13 338 892.7699
Sync 14 364 25293.1785
Async 14 364 877.887
Sync 15 390 27231.4389
Async 15 390 928.2552
Sync 16 416 29780.2676
Async 16 416 941.7877
Sync 17 442 31760.4345
Async 17 442 986.0206
Sync 18 468 33740.7843
Async 18 468 1004.3277
Sync 19 494 35762.2703
Async 19 494 1057.1916
Sync 20 520 37812.4806
Async 20 520 1082.8755
Sync 1 26 567.3559
Async 1 26 576.8248
Sync 2 52 1560.3449
Async 2 51 562.8006
Sync 3 78 3539.2759
Async 3 78 570.2488
Sync 4 104 5128.6989
Async 4 104 613.4396
Sync 5 130 7069.6262
Async 5 130 637.5504
Sync 6 156 9083.5892
Async 6 156 660.8433
Sync 7 182 11576.5867
Async 7 182 661.3607
Sync 8 208 13105.8026
Async 8 207 684.6528
Sync 9 234 15652.9031
Async 9 234 733.5253
Sync 10 260 17660.1439
Async 10 260 750.4743
Sync 11 286 19201.5424
Async 11 286 820.1294
Sync 12 312 21681.0397
Async 12 312 814.707
Sync 13 338 23208.743
Async 13 338 840.5316
Sync 14 364 25792.9973
Async 14 364 879.7331
Sync 15 390 27235.1272
Async 15 390 895.2368
Sync 16 416 29762.8031
Async 16 416 930.97
Sync 17 442 31758.6487
Async 17 442 973.146
Sync 18 468 33748.0794
Async 18 468 1025.7399
Sync 19 494 35776.7059
Async 19 494 1044.9722
Sync 20 520 37824.4804
Async 20 520 1063.0026
Sync 1 26 545.034
Async 1 26 562.2554
Sync 2 52 1561.6368
Async 2 52 561.4197
Sync 3 78 3593.0713
Async 3 78 584.8041
Sync 4 104 5600.795
Async 4 104 624.4609
Sync 5 130 7076.1093
Async 5 130 646.9715
Sync 6 156 9582.7677
Async 6 156 656.4116
Sync 7 182 11097.916
Async 7 182 679.5287
Sync 8 208 13608.6872
Async 8 208 698.2931
Sync 9 234 15127.7533
Async 9 234 724.1551
Sync 10 260 17655.1235
Async 10 260 777.7448
Sync 11 286 19701.5492
Async 11 286 820.5626
Sync 12 312 21678.5176
Async 12 312 843.7311
Sync 13 338 23223.134
Async 13 338 894.8119
Sync 14 364 25802.1458
Async 14 364 905.3568
Sync 15 390 27734.7497
Async 15 390 918.27
Sync 16 416 29273.9804
Async 16 416 950.4832
Sync 17 442 31762.0842
Async 17 442 1003.4312
Sync 18 468 33810.6984
Async 18 468 1093.2043
Sync 19 494 35515.9664
Async 19 494 1093.1732
Sync 20 520 38849.4554
Async 20 520 1155.4028
Sync 1 26 565.3942
Async 1 26 577.0267
Sync 2 52 1543.4671
Async 2 52 561.1518
Sync 3 78 3532.8502
Async 3 78 578.4997
Sync 4 104 5623.2627
Async 4 104 626.3965
Sync 5 130 7065.6548
Async 5 130 632.61
Sync 6 156 9092.5534
Async 6 156 630.9773
Sync 7 182 11599.7763
Async 7 182 675.6192
Sync 8 208 13123.5239
Async 8 208 706.7626
Sync 9 234 15626.2076
Async 9 234 747.9942
Sync 10 260 17136.2138
Async 10 260 746.2882
Sync 11 286 19197.6719
Async 11 286 818.6561
Sync 12 312 21693.511
Async 12 312 867.761
Sync 13 338 23220.713
Async 13 338 877.7955
Sync 14 364 24298.3088
Async 14 364 853.0775
Sync 15 390 27719.0898
Async 15 390 938.3948
Sync 16 416 29777.89
Async 16 416 954.8844
Sync 17 442 31269.795
Async 17 442 989.6723
Sync 18 468 33252.3181
Async 18 468 1026.3288
Sync 19 494 35761.4802
Async 19 494 1080.4722
Sync 20 520 37825.0921
Async 20 520 1144.3271
Sync 1 26 568.1565
Async 1 26 562.4844
Sync 2 52 1541.2476
Async 2 52 562.9219
Sync 3 78 3532.0784
Async 3 78 569.7879
Sync 4 104 5622.2132
Async 4 104 596.0372
Sync 5 130 7595.5788
Async 5 130 620.1438
Sync 6 156 9580.9895
Async 6 156 645.777
Sync 7 182 11600.4007
Async 7 182 669.1748
Sync 8 208 13621.5017
Async 8 208 677.4933
Sync 9 234 15129.6139
Async 9 234 734.285
Sync 10 260 17162.128
Async 10 260 760.6418
Sync 11 286 19207.0976
Async 11 286 829.3057
Sync 12 312 21679.4638
Async 12 312 786.1332
Sync 13 338 23175.3937
Async 13 338 839.482
Sync 14 364 25797.41
Async 14 364 909.2275
Sync 15 390 27722.1764
Async 15 390 895.5074
Sync 16 416 29777.5837
Async 16 415 984.4704
Sync 17 442 31245.4706
Async 17 442 941.927
Sync 18 468 33770.8989
Async 18 468 1029.298
Sync 19 494 35781.6083
Async 19 494 1039.5461
Sync 20 520 37800.9287
Async 20 520 1048.3497
Sync 1 26 569.0918
Async 1 26 576.8449
Sync 2 52 1570.6408
Async 2 52 560.5106
Sync 3 78 3533.5882
Async 3 78 578.0631
Sync 4 104 5610.2505
Async 4 104 597.9938
Sync 5 130 7592.7359
Async 5 130 627.4157
Sync 6 156 8580.6387
Async 6 156 644.9401
Sync 7 182 11573.1172
Async 7 182 671.4227
Sync 8 208 13611.8271
Async 8 208 684.9632
Sync 9 234 15641.9987
Async 9 234 713.0372
Sync 10 260 17174.1292
Async 10 260 752.0834
Sync 11 286 19216.5166
Async 11 286 798.6717
Sync 12 312 21684.3526
Async 12 312 842.2345
Sync 13 338 23711.7919
Async 13 338 832.251
Sync 14 364 25805.0134
Async 14 364 883.3231
Sync 15 390 27722.4087
Async 15 390 917.3424
Sync 16 416 29764.0219
Async 16 416 955.4747
Sync 17 442 31262.6441
Async 17 442 974.9441
Sync 18 468 33741.3801
Async 18 468 1035.8357
Sync 19 494 35280.8241
Async 19 494 982.2552
Sync 20 520 37309.8048
Async 20 520 1085.5677
Sync 1 26 568.5196
Async 1 26 554.7839
Sync 2 52 1523.6138
Async 2 52 562.4501
Sync 3 78 3522.6931
Async 3 77 578.7556
Sync 4 104 5623.1256
Async 4 104 591.1555
Sync 5 130 7577.41
Async 5 130 633.7968
Sync 6 156 9579.9035
Async 6 156 647.4766
Sync 7 182 11593.6204
Async 7 182 670.9995
Sync 8 208 13605.5643
Async 8 208 685.499
Sync 9 234 15145.5589
Async 9 234 714.388
Sync 10 260 17660.6327
Async 10 260 760.8721
Sync 11 286 19715.7456
Async 11 286 770.833
Sync 12 312 21685.392
Async 12 312 811.6356
Sync 13 338 23204.3917
Async 13 338 874.4236
Sync 14 364 25306.7789
Async 14 364 828.7395
Sync 15 390 27712.2817
Async 15 390 952.7253
Sync 16 416 29802.4102
Async 16 416 944.2873
Sync 17 442 31281.0387
Async 17 442 997.1851
Sync 18 468 33240.1058
Async 18 468 1033.7981
Sync 19 494 35284.2719
Async 19 494 1065.5179
Sync 20 520 37830.7235
Async 20 520 1102.5225
Sync 1 26 568.3701
Async 1 26 548.1935
Sync 2 52 1560.8327
Async 2 52 567.698
Sync 3 78 3561.3056
Async 3 78 579.6928
Sync 4 104 5609.0022
Async 4 104 595.3691
Sync 5 130 7588.5036
Async 5 130 650.7372
Sync 6 156 9592.7206
Async 6 156 631.7684
Sync 7 182 11598.4046
Async 7 182 666.2884
Sync 8 208 13602.6699
Async 8 208 719.4513
Sync 9 234 15639.9516
Async 9 234 725.7982
Sync 10 260 17655.9032
Async 10 260 745.4845
Sync 11 286 19207.6337
Async 11 286 803.766
Sync 12 312 21700.8086
Async 12 312 841.7185
Sync 13 338 23709.6481
Async 13 338 859.5911
Sync 14 364 25790.5334
Async 14 364 877.8117
Sync 15 390 27235.3204
Async 15 390 888.6901
Sync 16 416 29770.8778
Async 16 416 906.8078
Sync 17 442 31741.0051
Async 17 442 972.9707
Sync 18 468 33714.0183
Async 18 468 1013.5097
Sync 19 494 35752.1987
Async 19 494 1055.9028
Sync 20 520 37795.4089
Async 20 520 1078.6132
Sync 1 26 567.9506
Async 1 26 562.0158
Sync 2 52 1560.3641
Async 2 52 560.2876
Sync 3 78 3588.2948
Async 3 78 578.4486
Sync 4 104 5114.6075
Async 4 104 604.5519
Sync 5 130 7078.6999
Async 5 130 626.15
Sync 6 156 9086.1094
Async 6 156 649.9266
Sync 7 182 11620.3544
Async 7 182 656.0085
Sync 8 208 13598.0153
Async 8 208 683.9988
Sync 9 234 15139.1939
Async 9 234 736.7781
Sync 10 260 17646.7495
Async 10 260 751.4523
Sync 11 286 19707.4467
Async 11 286 810.0047
Sync 12 312 21706.9672
Async 12 312 841.953
Sync 13 338 23202.1181
Async 13 338 860.3083
Sync 14 364 25799.732
Async 14 364 898.2388
Sync 15 390 27234.791
Async 15 390 905.9426
Sync 16 416 29780.1844
Async 16 416 956.4885
Sync 17 442 31269.5454
Async 17 442 994.7074
Sync 18 468 33743.0031
Async 18 468 1014.1108
Sync 19 494 35287.6926
Async 19 494 1048.0336
Sync 20 519 37856.8286
Async 20 520 1170.2984
Sync 1 26 561.4423
Async 1 26 557.2289
Sync 2 52 1546.8729
Async 2 52 567.0324
Sync 3 78 3582.6493
Async 3 78 568.1944
Sync 4 104 5110.6712
Async 4 104 590.7656
Sync 5 130 7572.1678
Async 5 130 615.5442
Sync 6 156 9588.1102
Async 6 156 661.1839
Sync 7 182 11596.1456
Async 7 182 693.1235
Sync 8 208 13589.2641
Async 8 208 702.2963
Sync 9 234 15659.3194
Async 9 234 742.518
Sync 10 260 17650.3509
Async 10 260 779.297
Sync 11 286 19207.2898
Async 11 286 783.5117
Sync 12 312 21199.0425
Async 12 312 829.0241
Sync 13 338 23208.9594
Async 13 338 841.1659
Sync 14 364 25785.3768
Async 14 364 906.4395
Sync 15 390 27223.9196
Async 15 390 918.228
Sync 16 416 29786.1163
Async 16 416 961.867
Sync 17 442 31269.6281
Async 17 442 988.2064
Sync 18 468 33236.3067
Async 18 468 969.5451
Sync 19 494 35266.4108
Async 19 494 1062.4001
Sync 20 520 37314.9891
Async 20 520 1062.9371
Sync 1 26 566.7726
Async 1 26 576.8119
Sync 2 52 1562.0212
Async 2 52 574.1949
Sync 3 78 3048.2855
Async 3 78 578.2056
Sync 4 104 5110.9542
Async 4 104 596.1734
Sync 5 130 7063.1654
Async 5 130 624.48
Sync 6 156 9567.9325
Async 6 156 624.1451
Sync 7 182 11084.9244
Async 7 182 667.3166
Sync 8 208 13113.7046
Async 8 208 683.5532
Sync 9 234 15642.1707
Async 9 234 736.6064
Sync 10 260 17660.367
Async 10 260 756.8383
Sync 11 286 19722.4262
Async 11 286 752.6852
Sync 12 312 21180.6854
Async 12 312 838.9052
Sync 13 338 23690.5771
Async 13 338 860.5991
Sync 14 364 25784.9034
Async 14 364 926.5496
Sync 15 390 27729.8609
Async 15 390 936.0639
Sync 16 416 29781.8281
Async 16 416 980.2373
Sync 17 442 31261.8146
Async 17 442 982.9511
Sync 18 468 33737.2934
Async 18 468 1036.2185
Sync 19 494 35763.8275
Async 19 494 1057.9204
Sync 20 520 37819.7714
Async 20 520 1073.115
Sync 1 26 568.9285
Async 1 26 577.0728
Sync 2 52 1560.149
Async 2 52 562.6691
Sync 3 78 3547.0158
Async 3 78 668.9163
Sync 4 104 5606.3673
Async 4 104 620.258
Sync 5 130 7071.2663
Async 5 130 649.4406
Sync 6 156 9063.84
Async 6 156 648.7595
Sync 7 182 11584.6289
Async 7 182 692.9728
Sync 8 208 13606.555
Async 8 208 691.6218
Sync 9 234 15146.9361
Async 9 234 719.5343
Sync 10 260 17168.6231
Async 10 260 768.95
Sync 11 286 19721.2667
Async 11 286 817.4878
Sync 12 312 21204.139
Async 12 312 832.9604
Sync 13 338 23695.503
Async 13 338 866.1202
Sync 14 364 25804.612
Async 14 364 880.0321
Sync 15 390 27726.4186
Async 15 390 927.9444
Sync 16 416 29770.8754
Async 16 415 940.104
Sync 17 442 31253.9459
Async 17 442 960.5242
Sync 18 468 33742.7979
Async 18 468 1019.0391
Sync 19 494 35773.4782
Async 19 494 1044.2815
Sync 20 520 37299.8927
Async 20 520 1051.3783
Sync 1 26 568.7483
Async 1 26 576.8736
Sync 2 52 1562.4416
Async 2 52 562.4804
Sync 3 78 3516.425
Async 3 78 583.7173
Sync 4 104 5630.6661
Async 4 104 612.459
Sync 5 130 7080.6715
Async 5 130 627.8143
Sync 6 156 9092.1367
Async 6 156 649.6177
Sync 7 182 11595.9169
Async 7 182 670.5921
Sync 8 208 13620.8589
Async 8 208 699.8098
Sync 9 234 15153.3848
Async 9 234 742.2416
Sync 10 260 17158.7847
Async 10 260 735.9953
Sync 11 286 19210.0375
Async 11 286 807.5402
Sync 12 312 21706.0577
Async 12 312 822.2392
Sync 13 338 22709.9087
Async 13 338 827.0934
Sync 14 364 25778.543
Async 14 364 981.2794
Sync 15 390 27717.075
Async 15 390 930.2173
Sync 16 416 28780.4265
Async 16 416 946.0506
Sync 17 442 31763.4945
Async 17 442 1026.4631
Sync 18 468 33743.7144
Async 18 468 1040.6284
Sync 19 494 35779.1056
Async 19 494 991.4351
Sync 20 520 42809.7717
Async 20 520 1111.9131
Sync 1 26 566.9818
Async 1 26 577.1753
Sync 2 52 1568.1386
Async 2 52 562.4578
Sync 3 78 3073.8082
Async 3 78 580.316
Sync 4 104 5615.8618
Async 4 104 609.7986
Sync 5 130 7574.2031
Async 5 130 654.8509
Sync 6 156 9592.4564
Async 6 156 660.7611
Sync 7 182 11602.5443
Async 7 182 647.9184
Sync 8 208 13603.0557
Async 8 208 672.7302
Sync 9 234 15160.7233
Async 9 234 743.3069
Sync 10 260 17657.3935
Async 10 260 743.6212
Sync 11 286 19205.3537
Async 11 286 799.4289
Sync 12 312 21701.379
Async 12 312 873.0211
Sync 13 338 23214.6488
Async 13 338 840.9856
Sync 14 364 25799.163
Async 14 364 883.9819
Sync 15 390 27235.3906
Async 15 390 919.3346
Sync 16 416 29762.6886
Async 16 416 895.5811
Sync 17 442 31301.49
Async 17 442 961.8056
Sync 18 468 33241.0892
Async 18 468 1026.6862
Sync 19 494 35273.3093
Async 19 494 1058.4248
Sync 20 520 36809.8384
Async 20 520 1079.7697
Sync 1 26 566.9406
Async 1 26 576.8309
Sync 2 52 1560.7492
Async 2 52 669.7769
Sync 3 78 3561.7597
Async 3 78 609.3567
Sync 4 104 5588.0059
Async 4 104 608.3133
Sync 5 130 7563.7149
Async 5 130 626.8095
Sync 6 156 9586.3
Async 6 156 652.272
Sync 7 182 11620.2997
Async 7 182 662.0596
Sync 8 208 13635.7847
Async 8 208 701.2633
Sync 9 234 15127.0005
Async 9 234 725.0724
Sync 10 260 17659.2514
Async 10 260 780.6642
Sync 11 286 19700.3722
Async 11 286 801.5923
Sync 12 312 21690.4638
Async 12 312 828.3168
Sync 13 338 23196.8468
Async 13 338 850.1977
Sync 14 364 25781.7847
Async 14 364 860.5281
Sync 15 390 27229.5304
Async 15 390 931.7955
Sync 16 416 29764.7119
Async 16 416 970.8082
Sync 17 442 31753.7244
Async 17 442 967.6453
Sync 18 468 33722.6984
Async 18 468 1037.7024
Sync 19 494 35769.3407
Async 19 494 1048.931
Sync 20 520 37808.5786
Async 20 520 1094.6905
Sync 1 26 568.0396
Async 1 26 585.8211
Sync 2 52 1592.0317
Async 2 52 559.69
Sync 3 78 3032.7454
Async 3 78 669.0745
Sync 4 104 5616.1764
Async 4 104 604.101
Sync 5 130 7560.4921
Async 5 130 625.5297
Sync 6 156 9579.2902
Async 6 156 629.3323
Sync 7 182 11093.1528
Async 7 182 673.7952
Sync 8 208 13594.9559
Async 8 208 713.4819
Sync 9 234 15632.8198
Async 9 234 745.4906
Sync 10 260 17667.87
Async 10 260 781.5616
Sync 11 286 19183.6441
Async 11 286 808.0363
Sync 12 312 21687.1478
Async 12 312 819.4854
Sync 13 338 23711.6934
Async 13 338 869.9711
Sync 14 364 25299.3439
Async 14 364 887.137
Sync 15 390 27230.8543
Async 15 390 950.7206
Sync 16 416 29766.0381
Async 16 416 918.3443
Sync 17 442 31739.8728
Async 17 442 925.8274
Sync 18 468 33237.9677
Async 18 468 1007.0158
Sync 19 494 35765.9939
Async 19 494 1055.5304
Sync 20 520 37805.0809
Async 20 520 1094.4693
Sync 1 26 567.0059
Async 1 26 576.989
Sync 2 52 1563.4345
Async 2 52 560.5588
Sync 3 78 3539.3668
Async 3 78 579.8369
Sync 4 104 5132.0515
Async 4 104 669.0229
Sync 5 130 7591.4227
Async 5 130 635.3156
Sync 6 156 9584.3661
Async 6 156 646.5524
Sync 7 182 11608.7678
Async 7 182 663.4289
Sync 8 208 13616.9404
Async 8 208 691.5757
Sync 9 234 15623.273
Async 9 234 735.9587
Sync 10 260 17646.2202
Async 10 260 769.2675
Sync 11 286 19200.3781
Async 11 286 765.3689
Sync 12 312 21692.0941
Async 12 312 806.4854
Sync 13 338 23692.8531
Async 13 338 874.8362
Sync 14 364 25805.0594
Async 14 364 914.0731
Sync 15 390 27223.6089
Async 15 390 928.6443
Sync 16 416 28770.3631
Async 16 416 958.9254
Sync 17 442 31751.5597
Async 17 442 994.3301
Sync 18 468 33752.5817
Async 18 468 983.1349
Sync 19 494 35769.6121
Async 19 494 1055.2441
Sync 20 520 37813.7504
Async 20 520 1084.7623
Sync 1 26 568.6081
Async 1 26 576.4319
Sync 2 52 1574.8072
Async 2 52 557.4594
Sync 3 78 3532.0528
Async 3 78 569.3902
Sync 4 104 5120.3019
Async 4 104 597.4358
Sync 5 130 7600.2319
Async 5 130 624.9855
Sync 6 156 9584.8998
Async 6 156 651.4391
Sync 7 182 11595.2257
Async 7 182 646.3224
Sync 8 208 13582.9158
Async 8 208 691.2258
Sync 9 234 15153.3347
Async 9 234 722.1497
Sync 10 260 17652.2892
Async 10 260 751.3531
Sync 11 286 19213.3066
Async 11 286 821.5563
Sync 12 312 21689.6266
Async 12 312 820.1337
Sync 13 338 23704.1595
Async 13 338 854.7096
Sync 14 364 25794.064
Async 14 364 906.708
Sync 15 390 27228.8428
Async 15 390 937.177
Sync 16 416 29283.9293
Async 16 416 968.6516
Sync 17 442 31274.6707
Async 17 442 977.3131
Sync 18 468 33738.7327
Async 18 468 1009.9702
Sync 19 494 35272.0948
Async 19 494 1059.2198
Sync 20 520 37828.8192
Async 20 520 1069.7339
Sync 1 26 568.632
Async 1 26 561.7454
Sync 2 52 1569.9965
Async 2 52 563.1733
Sync 3 78 3078.7581
Async 3 78 581.5051
Sync 4 104 5596.7142
Async 4 104 605.4192
Sync 5 130 7588.6896
Async 5 130 639.8194
Sync 6 156 9586.1088
Async 6 155 646.6301
Sync 7 182 11603.1769
Async 7 182 669.136
Sync 8 208 13593.9289
Async 8 208 693.6897
Sync 9 234 15629.2506
Async 9 234 738.595
Sync 10 260 17666.378
Async 10 260 778.4403
Sync 11 286 19220.3276
Async 11 286 821.52
Sync 12 312 21696.221
Async 12 312 779.2549
Sync 13 338 23196.5684
Async 13 338 881.748
Sync 14 364 25273.9883
Async 14 364 892.3884
Sync 15 390 27727.6279
Async 15 390 1003.7705
Sync 16 416 29771.8439
Async 16 416 955.8017
Sync 17 442 31769.7933
Async 17 442 985.8799
Sync 18 468 33764.5374
Async 18 468 1024.7295
Sync 19 494 35271.0967
Async 19 494 1055.1512
Sync 20 520 37321.232
Async 20 520 1086.1909
Sync 1 26 566.8336
Async 1 26 562.4505
Sync 2 52 1546.4148
Async 2 52 562.3415
Sync 3 78 3606.3305
Async 3 78 566.7968
Sync 4 104 5608.935
Async 4 104 600.09
Sync 5 130 7572.1934
Async 5 130 635.9038
Sync 6 156 9576.5314
Async 6 156 647.9111
Sync 7 182 11101.5714
Async 7 182 647.6571
Sync 8 208 13104.86
Async 8 208 691.4251
Sync 9 234 15651.2922
Async 9 234 709.891
Sync 10 260 17666.4866
Async 10 260 777.6872
Sync 11 286 19723.4909
Async 11 286 793.227
Sync 12 312 21703.5409
Async 12 312 801.3929
Sync 13 338 23695.5949
Async 13 338 877.9443
Sync 14 364 25779.3618
Async 14 364 892.0584
Sync 15 390 27240.4868
Async 15 390 951.7515
Sync 16 416 29270.1449
Async 16 416 984.526
Sync 17 442 31737.3858
Async 17 442 1015.6481
Sync 18 468 35229.4935
Async 18 468 1031.1545
Sync 19 494 35759.5196
Async 19 494 1046.4882
Sync 20 520 37795.313
Async 20 520 1081.5403
Sync 1 26 567.306
Async 1 26 561.2784
Sync 2 52 1561.0018
Async 2 52 576.7146
Sync 3 78 3529.6202
Async 3 78 579.2883
Sync 4 104 5102.8886
Async 4 104 620.0694
Sync 5 130 7561.87
Async 5 130 626.5143
Sync 6 156 9587.6389
Async 6 156 650.5417
Sync 7 182 11596.9714
Async 7 182 667.6678
Sync 8 208 13617.5006
Async 8 208 700.1118
Sync 9 234 15624.9376
Async 9 234 763.3299
Sync 10 260 17650.6095
Async 10 260 768.1638
Sync 11 286 18697.8637
Async 11 286 762.3581
Sync 12 312 21694.0689
Async 12 312 840.4668
Sync 13 338 23220.3453
Async 13 338 876.9561
Sync 14 364 25782.7161
Async 14 364 903.9768
Sync 15 390 27232.5474
Async 15 390 836.9287
Sync 16 416 29789.3359
Async 16 416 918.8024
Sync 17 442 31764.564
Async 17 442 992.8775
Sync 18 468 33736.9783
Async 18 468 1001.9009
Sync 19 494 35266.8661
Async 19 494 1055.3884
Sync 20 520 37312.2909
Async 20 520 1233.9779
Sync 1 26 567.501
Async 1 26 577.7903
Sync 2 52 1556.677
Async 2 52 578.6091
Sync 3 78 3515.2909
Async 3 78 572.4059
Sync 4 104 4620.7577
Async 4 104 600.06
Sync 5 130 7569.4643
Async 5 130 642.3109
Sync 6 156 9581.1055
Async 6 156 657.1775
Sync 7 182 11600.1534
Async 7 182 700.3106
Sync 8 208 13096.899
Async 8 208 690.6855
Sync 9 234 15632.018
Async 9 234 709.1515
Sync 10 260 17160.6802
Async 10 260 764.6785
Sync 11 286 19196.6552
Async 11 286 839.272
Sync 12 312 21694.1652
Async 12 312 803.0163
Sync 13 338 23706.8982
Async 13 338 874.6671
Sync 14 364 25268.6348
Async 14 364 881.0943
Sync 15 390 27718.4861
Async 15 390 899.9354
Sync 16 416 29270.2109
Async 16 416 961.0383
Sync 17 442 31270.9473
Async 17 442 934.4191
Sync 18 468 33245.2149
Async 18 468 968.3021
Sync 19 494 35292.4535
Async 19 494 1052.7509
Sync 20 520 37314.799
Async 20 520 1069.1854
Sync 1 26 544.2657
Async 1 26 562.1117
Sync 2 52 1545.3517
Async 2 52 569.0132
Sync 3 78 3547.562
Async 3 78 570.0417
Sync 4 104 5593.441
Async 4 104 595.628
Sync 5 130 7588.074
Async 5 130 625.0756
Sync 6 156 9086.714
Async 6 156 658.5712
Sync 7 182 11598.8795
Async 7 182 659.5731
Sync 8 208 13614.9349
Async 8 208 701.0942
Sync 9 234 15177.6383
Async 9 234 733.1406
Sync 10 260 17669.3638
Async 10 260 743.0438
Sync 11 286 19203.7809
Async 11 286 832.2046
Sync 12 312 21682.6018
Async 12 312 880.3033
Sync 13 338 23185.8607
Async 13 338 908.458
Sync 14 364 25779.8776
Async 14 364 862.0959
Sync 15 390 27228.9883
Async 15 390 941.32
Sync 16 416 29765.8459
Async 16 416 931.4149
Sync 17 442 31271.6548
Async 17 442 980.2118
Sync 18 468 33241.753
Async 18 468 999.7836
Sync 19 494 35254.8048
Async 19 494 1070.3112
Sync 20 520 37325.2731
Async 20 520 1054.2872
Sync 1 26 568.5018
Async 1 26 576.9129
Sync 2 52 1544.8566
Async 2 52 564.336
Sync 3 78 3498.7585
Async 3 78 577.4743
Sync 4 104 5608.4208
Async 4 104 595.6664
Sync 5 130 7088.7307
Async 5 130 662.6385
Sync 6 156 9595.5532
Async 6 156 647.7093
Sync 7 182 11588.4663
Async 7 182 661.6678
Sync 8 208 13611.5559
Async 8 208 703.421
Sync 9 234 15150.721
Async 9 234 757.6883
Sync 10 260 17660.6758
Async 10 260 787.8891
Sync 11 286 19720.4846
Async 11 286 813.1543
Sync 12 312 21680.5637
Async 12 312 929.8235
Sync 13 338 23222.9103
Async 13 338 917.0724
Sync 14 364 24800.3876
Async 14 364 899.864
Sync 15 390 27706.5753
Async 15 390 935.7258
Sync 16 416 29758.9889
Async 16 416 954.9079
Sync 17 442 31250.6169
Async 17 442 939.6786
Sync 18 468 33760.7611
Async 18 468 1040.8515
Sync 19 494 35750.7897
Async 19 494 1069.9551
Sync 20 520 37799.4737
Async 20 520 1088.3103
