Sync 1 25 7289.7255
Async 1 25 361.1861
Sync 2 50 12297.7509
Async 2 50 358.7219
Sync 3 75 20294.828
Async 3 75 362.0557
Sync 4 100 24276.4646
Async 4 100 374.4165
Sync 5 125 32281.8539
Async 5 125 386.2239
Sync 6 150 36295.2581
Async 6 150 429.3231
Sync 7 175 42305.2164
Async 7 175 437.3068
Sync 8 200 47805.426
Async 8 200 1308.2853
Sync 9 225 54291.9983
Async 9 225 510.7948
Sync 10 250 60307.729
Async 10 250 560.5702


Sync 1 25 5280.2567
Async 1 25 356.8256
Sync 2 50 13285.6398
Async 2 50 361.0646
Sync 3 75 18982.3339
Async 3 75 413.7915
Sync 4 100 25309.2156
Async 4 100 1310.7542
Sync 5 125 29812.983
Async 5 125 413.2099
Sync 6 150 36285.8607
Async 6 150 514.6912
Sync 7 175 44324.0473
Async 7 175 425.8991
Sync 8 200 52307.74
Async 8 200 1311.1685
Sync 9 225 52820.3777
Async 9 225 960.5831
Sync 10 250 59299.2715
Async 10 250 957.0068
Sync 11 275 58838.2607
Async 11 275 517.1956
Sync 12 300 75330.6382
Async 12 300 10404.6831
Sync 13 325 78354.6255
Async 13 325 23369.1906
Sync 14 350 77423.8991
Async 14 350 38458.8793
Sync 15 375 79361.7509
Async 15 375 710.7916 ?????????????
Sync 1 25 5972.4114
Async 1 25 348.1919
Sync 2 50 11284.3262
Async 2 50 359.3322
Sync 3 75 19304.1847
Async 3 75 360.1676
Sync 4 100 26304.5693
Async 4 100 387.7897
Sync 5 125 34308.7387
Async 5 125 386.3776
Sync 6 150 34312.8503
Async 6 150 398.3662
Sync 7 175 42335.3655
Async 7 175 575.4669
Sync 8 200 47315.2967
Async 8 200 436.4298
Sync 9 225 49386.9377
Async 9 225 463.3942
Sync 10 250 52359.9389
Async 10 250 810.9482
Sync 11 275 60318.3086
Async 11 275 499.9914
Sync 12 300 71357.3869
Async 12 300 27432.967
Sync 13 325 65372.4618
Async 13 325 545.6138
Sync 14 350 77374.2521
Async 14 350 28429.3485
Sync 15 375 90880.4965
Async 15 375 561.7964
Sync 16 400 86418.0712
Async 16 400 1273.7711
Sync 17 425 87297.0713
Async 17 425 1298.7093
Sync 18 450 96379.6503
Async 18 450 21404.4452
Sync 19 475 114423.3316
Async 19 475 1202.378
Sync 20 500 105870.464
Async 20 500 35923.3158
